-9.3,-5,-9.349,-9.349,
-4.59,-5,-4.575,-4.575,
-3.86,-5,-3.855,-3.855,
-2.66,-5,-2.65,-2.65,
-3.75,-5,-3.738,-3.738,
-6.74,-5,-6.738,-6.738,
-1.12,-5,-1.133,-1.133,
-0.72,-5,-0.697,-0.697,
-4.99,-5,-4.98,-4.98,
-4.11,-5,-4.101,-4.101,
-8.69,-5,-8.695,-8.695,
-5.7,-5,-5.709,-5.709,
-7.38,-5,-7.412,-7.412,
-6.87,-5,-6.87,-6.87,
-5.5,-5,-5.492,-5.492,
-2.3,-5,-2.298,-2.298,
-1.71,-5,-1.719,-1.719,
-0.72,-5,-0.701,-0.701,
-3.6,-5,-3.602,-3.602,
-5.67,-5,-5.683,-5.683,
-3.53,-5,-3.524,-3.524,
-4.53,-5,-4.523,-4.523,
-6.91,-5,-6.922,-6.922,
-6.41,-5,-6.424,-6.424,
-6.55,-5,-6.551,-6.551,
-5.19,-5,-5.189,-5.189,
-1.39,-5,-1.395,-1.395,
-4.5,-5,-4.495,-4.495,
-0.94,-5,-0.93,-0.93,
-1.6,-5,-1.578,-1.578,
-8.77,-5,-8.789,-8.789,
-9.06,-5,-9.091,-9.091,
-5.7,-5,-5.696,-5.696,
-8.34,-5,-8.346,-8.346,
-7.81,-5,-7.834,-7.834,
-6.51,-5,-6.525,-6.525,
-5.9,-5,-5.918,-5.918,
-1.13,-5,-1.148,-1.148,
-9.47,-5,-9.48,-9.48,
-7.55,-5,-7.575,-7.575,
-2.61,-5,-2.598,-2.598,
-6.21,-5,-6.224,-6.224,
-3.48,-5,-3.463,-3.463,
-0.96,-5,-0.945,-0.945,
-9.25,-5,-9.274,-9.274,
-1.95,-5,-1.959,-1.959,
-3.9,-5,-3.904,-3.904,
-8.76,-5,-8.81,-8.81,
-3.94,-5,-3.914,-3.914,
-9.46,-5,-9.463,-9.463,
-3.59,-5,-3.576,-3.576,
-2.7,-5,-2.695,-2.695,
-8.44,-5,-8.461,-8.461,
-1.46,-5,-1.457,-1.457,
-5.59,-5,-5.581,-5.581,
-2.41,-5,-2.39,-2.39,
-1.49,-5,-1.475,-1.475,
-1.82,-5,-1.824,-1.824,
-5.73,-5,-5.732,-5.732,
-5.45,-5,-5.459,-5.459,
-4.94,-5,-4.929,-4.929,
-4.31,-5,-4.298,-4.298,
-5.5,-5,-5.502,-5.502,
-0.78,-5,-0.732,-0.732,
-8.4,-5,-8.422,-8.422,
-1.9,-5,-1.89,-1.89,
-5.12,-5,-5.118,-5.118,
-3.25,-5,-3.234,-3.234,
-7.83,-5,-7.844,-7.844,
-2.01,-5,-1.993,-1.993,
-8.97,-5,-8.989,-8.989,
-7.3,-5,-7.32,-7.32,
-4.97,-5,-4.962,-4.962,
-6.21,-5,-6.208,-6.208,
-9.35,-5,-9.372,-9.372,
-6.94,-5,-6.949,-6.949,
-3.38,-5,-3.373,-3.373,
-5.94,-5,-5.935,-5.935,
-5.84,-5,-5.832,-5.832,
-0.53,-5,-0.527,-0.527,
-4.05,-5,-4.033,-4.033,
-1.53,-5,-1.523,-1.523,
-2.54,-5,-2.534,-2.534,
-2.61,-5,-2.595,-2.595,
-4.07,-5,-4.067,-4.067,
-9.01,-5,-9.024,-9.024,
-9.49,-5,-9.522,-9.522,
-8.91,-5,-8.93,-8.93,
-8.08,-5,-8.108,-8.108,
-2.57,-5,-2.567,-2.567,
-2.46,-5,-2.45,-2.45,
-7.46,-5,-7.464,-7.464,
-3.76,-5,-3.736,-3.736,
-7.17,-5,-7.179,-7.179,
-1.28,-5,-1.267,-1.267,
-7.34,-5,-7.357,-7.357,
-6.93,-5,-6.927,-6.927,
-5.46,-5,-5.466,-5.466,
-8.21,-5,-8.221,-8.221,
-6.15,-5,-6.153,-6.153,
-9.25,-5,-9.308,-9.308,
-8.37,-5,-8.385,-8.385,
-6.72,-5,-6.726,-6.726,
-0.6,-5,-0.596,-0.596,
-5.41,-5,-5.41,-5.41,
-3.15,-5,-3.156,-3.156,
-1.98,-5,-1.991,-1.991,
-4.27,-5,-4.264,-4.264,
-5.97,-5,-5.963,-5.963,
-6.18,-5,-6.166,-6.166,
-4.9,-5,-4.892,-4.892,
-3.51,-5,-3.492,-3.492,
-3.3,-5,-3.302,-3.302,
-3.8,-5,-3.785,-3.785,
-5.3,-5,-5.305,-5.305,
-0.88,-5,-0.861,-0.861,
-7.85,-5,-7.885,-7.885,
-3.66,-5,-3.653,-3.653,
-2.46,-5,-2.447,-2.447,
-6.73,-5,-6.727,-6.727,
-7.8,-5,-7.809,-7.809,
-7.25,-5,-7.264,-7.264,
-7.49,-5,-7.523,-7.523,
-9.37,-5,-9.389,-9.389,
-0.65,-5,-0.65,-0.65,
-5.85,-5,-5.852,-5.852,
-3.09,-5,-3.077,-3.077,
-8.36,-5,-8.389,-8.389,
-7.79,-5,-7.806,-7.806,
-9.13,-5,-9.174,-9.174,
-6.04,-5,-6.042,-6.042,
-1.48,-5,-1.459,-1.459,
-9.48,-5,-9.51,-9.51,
-3.92,-5,-3.903,-3.903,
-6.21,-5,-6.223,-6.223,
-7.34,-5,-7.339,-7.339,
-6.67,-5,-6.681,-6.681,
-3.74,-5,-3.728,-3.728,
-3.82,-5,-3.804,-3.804,
-6.95,-5,-6.965,-6.965,
-9.16,-5,-9.19,-9.19,
-8.98,-5,-8.968,-8.968,
-2.6,-5,-2.584,-2.584,
-4.74,-5,-4.734,-4.734,
-3.69,-5,-3.679,-3.679,
-4.89,-5,-4.877,-4.877,
-1.46,-5,-1.461,-1.461,
-6.11,-5,-6.102,-6.102,
-5.25,-5,-5.249,-5.249,
-7.25,-5,-7.274,-7.274,
-8.75,-5,-8.754,-8.754,
-5.37,-5,-5.377,-5.377,
-5.12,-5,-5.122,-5.122,
-7.04,-5,-7.047,-7.047,
-5.24,-5,-5.239,-5.239,
-4.95,-5,-4.939,-4.939,
-5.91,-5,-5.901,-5.901,
-8.46,-5,-8.477,-8.477,
-2.15,-5,-2.144,-2.144,
-0.76,-5,-0.762,-0.762,
-5.63,-5,-5.635,-5.635,
-1.63,-5,-1.606,-1.606,
-2.38,-5,-2.367,-2.367,
-9.28,-5,-9.3,-9.3,
-6.31,-5,-6.326,-6.326,
-5.43,-5,-5.425,-5.425,
-1.7,-5,-1.718,-1.718,
-7.93,-5,-7.957,-7.957,
-1.9,-5,-1.88,-1.88,
-4.17,-5,-4.156,-4.156,
-3.09,-5,-3.083,-3.083,
-1.89,-5,-1.929,-1.929,
-2.07,-5,-2.058,-2.058,
-0.93,-5,-0.909,-0.909,
-9.41,-5,-9.448,-9.448,
-1.8,-5,-1.797,-1.797,
-4.88,-5,-4.869,-4.869,
-6.9,-5,-6.912,-6.912,
-3.04,-5,-3.037,-3.037,
-3.04,-5,-3.046,-3.046,
-7.11,-5,-7.117,-7.117,
-2.14,-5,-2.15,-2.15,
-5.76,-5,-5.762,-5.762,
-2.84,-5,-2.828,-2.828,
-5.34,-5,-5.327,-5.327,
-3,-5,-2.999,-2.999,
-3.35,-5,-3.345,-3.345,
-2.17,-5,-2.177,-2.177,
-6.77,-5,-6.781,-6.781,
-1.16,-5,-1.158,-1.158,
-1.27,-5,-1.28,-1.28,
-8.37,-5,-8.389,-8.389,
-3.17,-5,-3.152,-3.152,
-3.22,-5,-3.206,-3.206,
-2.99,-5,-2.958,-2.958,
-7.22,-5,-7.222,-7.222,
-5.73,-5,-5.724,-5.724,
-0.66,-5,-0.657,-0.657,
-6.89,-5,-6.878,-6.878,
-1.27,-5,-1.238,-1.238,
-3.56,-5,-3.557,-3.557,
-6.17,-5,-6.182,-6.182,
-7.98,-5,-7.997,-7.997,
-3.31,-5,-3.298,-3.298,
-5.45,-5,-5.449,-5.449,
-8.79,-5,-8.784,-8.784,
-4.68,-5,-4.669,-4.669,
-6.25,-5,-6.25,-6.25,
-2.1,-5,-2.093,-2.093,
-3.92,-5,-3.91,-3.91,
-2.82,-5,-2.795,-2.795,
-8.25,-5,-8.283,-8.283,
-6.67,-5,-6.701,-6.701,
-6.05,-5,-6.063,-6.063,
-2.53,-5,-2.512,-2.512,
-9.3,-5,-9.313,-9.313,
-1.49,-5,-1.472,-1.472,
-0.77,-5,-0.781,-0.781,
-1.96,-5,-1.943,-1.943,
-9.42,-5,-9.432,-9.432,
-8.87,-5,-8.89,-8.89,
-6.83,-5,-6.824,-6.824,
-1.69,-5,-1.675,-1.675,
-7.09,-5,-7.093,-7.093,
-5.14,-5,-5.14,-5.14,
-3.15,-5,-3.128,-3.128,
-1.73,-5,-1.734,-1.734,
-2.88,-5,-2.887,-2.887,
-9.46,-5,-9.479,-9.479,
-8.1,-5,-8.091,-8.091,
-5.1,-5,-5.099,-5.099,
-3.81,-5,-3.792,-3.792,
-9.01,-5,-9.014,-9.014,
-0.66,-5,-0.64,-0.64,
-3.64,-5,-3.64,-3.64,
-3.97,-5,-3.955,-3.955,
-6.42,-5,-6.416,-6.416,
-4.82,-5,-4.808,-4.808,
-5.43,-5,-5.428,-5.428,
-4.15,-5,-4.143,-4.143,
-7.28,-5,-7.291,-7.291,
-1.79,-5,-1.783,-1.783,
-3.19,-5,-3.172,-3.172,
-4.9,-5,-4.889,-4.889,
-2.71,-5,-2.69,-2.69,
-9.03,-5,-9.023,-9.023,
-3.23,-5,-3.217,-3.217,
-6.39,-5,-6.387,-6.387,
-1.93,-5,-1.942,-1.942,
-7.48,-5,-7.509,-7.509,
-1.27,-5,-1.254,-1.254,
-7.78,-5,-7.795,-7.795,
-4.91,-5,-4.901,-4.901,
-7.8,-5,-7.814,-7.814,
-7.68,-5,-7.692,-7.692,
-6.79,-5,-6.795,-6.795,
-0.72,-5,-0.695,-0.695,
-8.33,-5,-8.336,-8.336,
-7.88,-5,-7.9,-7.9,
-3.33,-5,-3.321,-3.321,
-2.06,-5,-2.051,-2.051,
-5.71,-5,-5.716,-5.716,
-6.83,-5,-6.847,-6.847,
-0.95,-5,-0.95,-0.95,
-4.35,-5,-4.336,-4.336,
-7.15,-5,-7.153,-7.153,
-3.99,-5,-3.978,-3.978,
-8.42,-5,-8.437,-8.437,
-0.93,-5,-0.915,-0.915,
-1.48,-5,-1.466,-1.466,
-0.54,-5,-0.577,-0.577,
-1.04,-5,-1.02,-1.02,
-1.73,-5,-1.719,-1.719,
-0.51,-5,-0.516,-0.516,
-7,-5,-7.04,-7.04,
-7.25,-5,-7.255,-7.255,
-6.37,-5,-6.373,-6.373,
-6.74,-5,-6.767,-6.767,
-6.05,-5,-6.047,-6.047,
-8.4,-5,-8.407,-8.407,
-5.56,-5,-5.558,-5.558,
-3.64,-5,-3.623,-3.623,
-5.73,-5,-5.725,-5.725,
-8.62,-5,-8.631,-8.631,
-8.78,-5,-8.802,-8.802,
-6.16,-5,-6.174,-6.174,
-1.96,-5,-1.955,-1.955,
-2.53,-5,-2.51,-2.51,
-8.42,-5,-8.447,-8.447,
-4.07,-5,-4.062,-4.062,
-7.91,-5,-7.924,-7.924,
-0.8,-5,-0.785,-0.785,
-9.35,-5,-9.364,-9.364,
-0.56,-5,-0.558,-0.558,
-4.13,-5,-4.123,-4.123,
-8.96,-5,-8.966,-8.966,
-8.39,-5,-8.412,-8.412,
-7.86,-5,-7.861,-7.861,
-5.23,-5,-5.232,-5.232,
-8.96,-5,-8.964,-8.964,
-8.13,-5,-8.143,-8.143,
-4.65,-5,-4.637,-4.637,
-7.45,-5,-7.473,-7.473,
-5.85,-5,-5.85,-5.85,
-6.01,-5,-6.009,-6.009,
-8.49,-5,-8.514,-8.514,
-1.33,-5,-1.321,-1.321,
-4.84,-5,-4.83,-4.83,
-6.75,-5,-6.754,-6.754,
-9.24,-5,-9.258,-9.258,
-0.55,-5,-0.55,-0.55,
-3.45,-5,-3.426,-3.426,
-5.69,-5,-5.689,-5.689,
-5.74,-5,-5.747,-5.747,
-2.36,-5,-2.326,-2.326,
-4.97,-5,-4.96,-4.96,
-7.88,-5,-7.884,-7.884,
-9.19,-5,-9.199,-9.199,
-1.84,-5,-1.839,-1.839,
-8.12,-5,-8.118,-8.118,
-5.91,-5,-5.911,-5.911,
-6.72,-5,-6.728,-6.728,
-1.95,-5,-1.928,-1.928,
-8.52,-5,-8.523,-8.523,
-7.86,-5,-7.881,-7.881,
-5.43,-5,-5.442,-5.442,
-1.32,-5,-1.327,-1.327,
-3.33,-5,-3.32,-3.32,
-3.96,-5,-3.969,-3.969,
-3.02,-5,-3.007,-3.007,
-1.32,-5,-1.288,-1.288,
-3.8,-5,-3.79,-3.79,
-3,-5,-3.004,-3.004,
-2.51,-5,-2.508,-2.508,
-9.14,-5,-9.137,-9.137,
-8.85,-5,-8.897,-8.897,
-7.18,-5,-7.171,-7.171,
-1.19,-5,-1.178,-1.178,
-9.22,-5,-9.226,-9.226,
-9.45,-5,-9.488,-9.488,
-2.51,-5,-2.512,-2.512,
-9.39,-5,-9.4,-9.4,
-4.5,-5,-4.493,-4.493,
-4.42,-5,-4.417,-4.417,
-7.1,-5,-7.114,-7.114,
-3.83,-5,-3.835,-3.835,
-1.1,-5,-1.074,-1.074,
-4.88,-5,-4.865,-4.865,
-8.22,-5,-8.231,-8.231,
-4.01,-5,-3.998,-3.998,
-1.76,-5,-1.775,-1.775,
-5.41,-5,-5.41,-5.41,
-3.01,-5,-3.003,-3.003,
-3.15,-5,-3.137,-3.137,
-8.75,-5,-8.779,-8.779,
-7.82,-5,-7.837,-7.837,
-3.14,-5,-3.127,-3.127,
-2.84,-5,-2.859,-2.859,
-7.03,-5,-7.026,-7.026,
-3.92,-5,-3.913,-3.913,
-2.46,-5,-2.437,-2.437,
-9.11,-5,-9.157,-9.157,
-3.67,-5,-3.651,-3.651,
-3.28,-5,-3.272,-3.272,
-7.37,-5,-7.378,-7.378,
-5.92,-5,-5.924,-5.924,
-1.25,-5,-1.251,-1.251,
-1.74,-5,-1.765,-1.765,
-4.2,-5,-4.187,-4.187,
-8.57,-5,-8.597,-8.597,
-8.08,-5,-8.111,-8.111,
-1.78,-5,-1.76,-1.76,
-1.1,-5,-1.092,-1.092,
-6.04,-5,-6.05,-6.05,
-7.4,-5,-7.411,-7.411,
-9.44,-5,-9.48,-9.48,
-0.94,-5,-0.918,-0.918,
-5.89,-5,-5.882,-5.882,
-5.37,-5,-5.372,-5.372,
-7.76,-5,-7.777,-7.777,
-4.31,-5,-4.295,-4.295,
-5.41,-5,-5.41,-5.41,
-2.64,-5,-2.63,-2.63,
-5.54,-5,-5.544,-5.544,
-2.52,-5,-2.5,-2.5,
-6.59,-5,-6.587,-6.587,
-8.23,-5,-8.249,-8.249,
-1.26,-5,-1.249,-1.249,
-3.56,-5,-3.552,-3.552,
-5.05,-5,-5.048,-5.048,
-5.24,-5,-5.244,-5.244,
-6.5,-5,-6.494,-6.494,
-3.15,-5,-3.153,-3.153,
-3.22,-5,-3.202,-3.202,
-3.6,-5,-3.588,-3.588,
-9.15,-5,-9.174,-9.174,
-7.36,-5,-7.373,-7.373,
-7.62,-5,-7.638,-7.638,
-6.03,-5,-6.04,-6.04,
-1.27,-5,-1.242,-1.242,
-2.62,-5,-2.626,-2.626,
-4.57,-5,-4.552,-4.552,
-8.2,-5,-8.207,-8.207,
-3.42,-5,-3.414,-3.414,
-3.93,-5,-3.913,-3.913,
-1.05,-5,-1.047,-1.047,
-8.51,-5,-8.53,-8.53,
-7.46,-5,-7.501,-7.501,
-6.21,-5,-6.229,-6.229,
-2.02,-5,-2.019,-2.019,
-6.83,-5,-6.83,-6.83,
-5.35,-5,-5.353,-5.353,
-4.37,-5,-4.361,-4.361,
-8.56,-5,-8.593,-8.593,
-2.31,-5,-2.309,-2.309,
-2.73,-5,-2.733,-2.733,
-3.09,-5,-3.092,-3.092,
-4.29,-5,-4.28,-4.28,
-3.65,-5,-3.649,-3.649,
-6.11,-5,-6.111,-6.111,
-8.25,-5,-8.26,-8.26,
-7.79,-5,-7.829,-7.829,
-7.3,-5,-7.294,-7.294,
-2.41,-5,-2.411,-2.411,
-6.48,-5,-6.488,-6.488,
-5.61,-5,-5.618,-5.618,
-3.42,-5,-3.42,-3.42,
-2.97,-5,-2.965,-2.965,
-2.52,-5,-2.526,-2.526,
-2.29,-5,-2.293,-2.293,
-5.17,-5,-5.167,-5.167,
-0.74,-5,-0.75,-0.75,
-1.58,-5,-1.557,-1.557,
-5.19,-5,-5.186,-5.186,
-3.5,-5,-3.472,-3.472,
-3.37,-5,-3.359,-3.359,
-1.39,-5,-1.372,-1.372,
-7.66,-5,-7.696,-7.696,
-3.51,-5,-3.492,-3.492,
-6.07,-5,-6.069,-6.069,
-8.01,-5,-8.019,-8.019,
-7.17,-5,-7.167,-7.167,
-4.89,-5,-4.882,-4.882,
-5.73,-5,-5.735,-5.735,
-2.67,-5,-2.661,-2.661,
-6.06,-5,-6.078,-6.078,
-7.43,-5,-7.427,-7.427,
-9.21,-5,-9.222,-9.222,
-8.82,-5,-8.844,-8.844,
-6.2,-5,-6.205,-6.205,
-6.51,-5,-6.5,-6.5,
-3.76,-5,-3.752,-3.752,
-8.61,-5,-8.612,-8.612,
-0.64,-5,-0.626,-0.626,
-0.73,-5,-0.688,-0.688,
-1.45,-5,-1.458,-1.458,
-4.49,-5,-4.474,-4.474,
-1.74,-5,-1.739,-1.739,
-6.56,-5,-6.575,-6.575,
-4.17,-5,-4.165,-4.165,
-3.72,-5,-3.716,-3.716,
-1.31,-5,-1.293,-1.293,
-3.04,-5,-3.015,-3.015,
-7.37,-5,-7.386,-7.386,
-5.45,-5,-5.455,-5.455,
-8.6,-5,-8.605,-8.605,
-3.16,-5,-3.15,-3.15,
-0.74,-5,-0.731,-0.731,
-2.93,-5,-2.911,-2.911,
-8.07,-5,-8.105,-8.105,
-8.59,-5,-8.636,-8.636,
-3.52,-5,-3.518,-3.518,
-6.76,-5,-6.762,-6.762,
-1.21,-5,-1.2,-1.2,
-5.99,-5,-6.009,-6.009,
-4.01,-5,-4.013,-4.013,
-3.85,-5,-3.832,-3.832,
-4.96,-5,-4.95,-4.95,
-7.6,-5,-7.602,-7.602,
-6.8,-5,-6.799,-6.799,
-9.45,-5,-9.445,-9.445,
-8.41,-5,-8.416,-8.416,
-8.83,-5,-8.838,-8.838,
-0.66,-5,-0.626,-0.626,
-9.26,-5,-9.282,-9.282,
-1.42,-5,-1.446,-1.446,
-1.44,-5,-1.452,-1.452,
-2.76,-5,-2.733,-2.733,
-0.64,-5,-0.638,-0.638,
-8.55,-5,-8.578,-8.578,
-6.51,-5,-6.519,-6.519,
-2.22,-5,-2.18,-2.18,
-1.91,-5,-1.92,-1.92,
-9.29,-5,-9.305,-9.305,
-3.63,-5,-3.627,-3.627,
-6.06,-5,-6.069,-6.069,
-7.91,-5,-7.926,-7.926,
-3.59,-5,-3.582,-3.582,
-6.07,-5,-6.075,-6.075,
-9.14,-5,-9.169,-9.169,
-7.14,-5,-7.152,-7.152,
-2.15,-5,-2.138,-2.138,
-1.27,-5,-1.255,-1.255,
-1.3,-5,-1.284,-1.284,
-1.99,-5,-1.992,-1.992,
-4.24,-5,-4.219,-4.219,
-1.04,-5,-1.034,-1.034,
-7.81,-5,-7.821,-7.821,
-4.08,-5,-4.059,-4.059,
-8.39,-5,-8.408,-8.408,
-7.19,-5,-7.226,-7.226,
-6.16,-5,-6.179,-6.179,
-4.02,-5,-4.009,-4.009,
-4.49,-5,-4.484,-4.484,
-7.95,-5,-7.952,-7.952,
-9.24,-5,-9.278,-9.278,
-5,-5,-5,-5,
-2.1,-5,-2.096,-2.096,
-5.76,-5,-5.764,-5.764,
-9.14,-5,-9.128,-9.128,
-6.5,-5,-6.53,-6.53,
-1.67,-5,-1.659,-1.659,
-4.65,-5,-4.648,-4.648,
-6.97,-5,-6.959,-6.959,
-8.73,-5,-8.765,-8.765,
-2.69,-5,-2.691,-2.691,
-7.25,-5,-7.263,-7.263,
-1.9,-5,-1.866,-1.866,
-8.86,-5,-8.859,-8.859,
-1.85,-5,-1.843,-1.843,
-5.9,-5,-5.907,-5.907,
-6.47,-5,-6.485,-6.485,
-5.98,-5,-5.985,-5.985,
-8.91,-5,-8.896,-8.896,
-1.41,-5,-1.416,-1.416,
-3.2,-5,-3.189,-3.189,
-1.11,-5,-1.118,-1.118,
-3.31,-5,-3.311,-3.311,
-6.2,-5,-6.199,-6.199,
-6.97,-5,-6.978,-6.978,
-0.93,-5,-0.941,-0.941,
-3.19,-5,-3.188,-3.188,
-6.44,-5,-6.436,-6.436,
-7.45,-5,-7.448,-7.448,
-5.44,-5,-5.44,-5.44,
-6.93,-5,-6.94,-6.94,
-5.66,-5,-5.657,-5.657,
-4.44,-5,-4.437,-4.437,
-0.8,-5,-0.784,-0.784,
-1.08,-5,-1.075,-1.075,
-7.67,-5,-7.671,-7.671,
-8.9,-5,-8.933,-8.933,
-7.11,-5,-7.094,-7.094,
-4.9,-5,-4.886,-4.886,
-3.91,-5,-3.893,-3.893,
-1.09,-5,-1.068,-1.068,
-5.9,-5,-5.906,-5.906,
-6.13,-5,-6.149,-6.149,
-1.73,-5,-1.728,-1.728,
-8.62,-5,-8.613,-8.613,
-1.64,-5,-1.638,-1.638,
-9.34,-5,-9.36,-9.36,
-6.49,-5,-6.49,-6.49,
-4.38,-5,-4.363,-4.363,
-6.1,-5,-6.095,-6.095,
-6.62,-5,-6.636,-6.636,
-8.11,-5,-8.15,-8.15,
-4.29,-5,-4.273,-4.273,
-7.33,-5,-7.342,-7.342,
-2.99,-5,-2.984,-2.984,
-4.76,-5,-4.751,-4.751,
-4.1,-5,-4.084,-4.084,
-4.39,-5,-4.39,-4.39,
-2.99,-5,-2.967,-2.967,
-8.85,-5,-8.852,-8.852,
-7.21,-5,-7.249,-7.249,
-1.22,-5,-1.201,-1.201,
-5.85,-5,-5.842,-5.842,
-0.83,-5,-0.828,-0.828,
-8.8,-5,-8.795,-8.795,
-6.42,-5,-6.404,-6.404,
-0.95,-5,-0.917,-0.917,
-5.59,-5,-5.592,-5.592,
-4.04,-5,-4.032,-4.032,
-4.8,-5,-4.798,-4.798,
-7.31,-5,-7.316,-7.316,
-5.12,-5,-5.122,-5.122,
-3.52,-5,-3.51,-3.51,
-1.45,-5,-1.437,-1.437,
-4.41,-5,-4.392,-4.392,
-6.02,-5,-6.026,-6.026,
-0.93,-5,-0.911,-0.911,
-6.11,-5,-6.125,-6.125,
-1.59,-5,-1.571,-1.571,
-8.76,-5,-8.794,-8.794,
-2.06,-5,-2.059,-2.059,
-1.05,-5,-1.01,-1.01,
-8.67,-5,-8.696,-8.696,
-3.96,-5,-3.954,-3.954,
-2.45,-5,-2.443,-2.443,
