current number : 0  -8.99, -8.99
0, -9.24, -5, -1, -1
current number : 1  -9.24, -9.24
0.01, -2.95, -5, 1, -1
current number : 2  -2.95, -2.94
0.01, -1.04, -5, 1, 1
current number : 3  -1.04, -1.03
0.01, -1.18, -5, 1, 1
current number : 4  -1.18, -1.17
0.01, -2.64, -5, 1, 1
current number : 5  -2.64, -2.63
0.01, -0.5, -5, 1, 1
current number : 6  -0.5, -0.49
0, -6.12, -5, -1, 1
current number : 7  -6.12, -6.12
0, -5.92, -5, -1, -1
current number : 8  -5.92, -5.92
0.01, -1.29, -5, 1, -1
current number : 9  -1.29, -1.28
0, -5.26, -5, -1, 1
current number : 10  -5.26, -5.26
0, -6.65, -5, -1, -1
current number : 11  -6.65, -6.65
0, -6.86, -5, -1, -1
current number : 12  -6.86, -6.86
0.01, -1.74, -5, 1, -1
current number : 13  -1.74, -1.73
0.01, -3.41, -5, 1, 1
current number : 14  -3.41, -3.4
0, -7.64, -5, -1, 1
current number : 15  -7.64, -7.64
0.01, -4.81, -5, 1, -1
current number : 16  -4.81, -4.8
0.01, -3.94, -5, 1, 1
current number : 17  -3.94, -3.93
0, -9.16, -5, -1, 1
current number : 18  -9.16, -9.16
0.01, -1.79, -5, 1, -1
current number : 19  -1.79, -1.78
0.01, -0.66, -5, 1, 1
current number : 20  -0.66, -0.65
0.01, -2.29, -5, 1, 1
current number : 21  -2.29, -2.28
0, -8.05, -5, -1, 1
current number : 22  -8.05, -8.05
0.01, -1.47, -5, 1, -1
current number : 23  -1.47, -1.46
0.01, -4.33, -5, 1, 1
current number : 24  -4.33, -4.32
0, -6.53, -5, -1, 1
current number : 25  -6.53, -6.53
0, -6.66, -5, -1, -1
current number : 26  -6.66, -6.66
0.01, -1.7, -5, 1, -1
current number : 27  -1.7, -1.69
0.01, -4.99, -5, 1, 1
current number : 28  -4.99, -4.98
0, -8.42, -5, -1, 1
current number : 29  -8.42, -8.42
0.01, -3.97, -5, 1, -1
current number : 30  -3.97, -3.96
0, -6.9, -5, -1, 1
current number : 31  -6.9, -6.9
0, -9.13, -5, -1, -1
current number : 32  -9.13, -9.13
0.01, -4.06, -5, 1, -1
current number : 33  -4.06, -4.05
0.01, -3.43, -5, 1, 1
current number : 34  -3.43, -3.42
0, -6.1, -5, -1, 1
current number : 35  -6.1, -6.1
0.01, -3.12, -5, 1, -1
current number : 36  -3.12, -3.11
0.01, -4.52, -5, 1, 1
current number : 37  -4.52, -4.51
0, -6.47, -5, -1, 1
current number : 38  -6.47, -6.47
0, -8.99, -5, -1, -1
current number : 39  -8.99, -8.99
0.01, -3.17, -5, 1, -1
current number : 40  -3.17, -3.16
0.01, -4.95, -5, 1, 1
current number : 41  -4.95, -4.94
0, -9, -5, -1, 1
current number : 42  -9, -9
0, -8.16, -5, -1, -1
current number : 43  -8.16, -8.16
0, -9.2, -5, -1, -1
current number : 44  -9.2, -9.2
0.01, -4.31, -5, 1, -1
current number : 45  -4.31, -4.3
0, -8.98, -5, -1, 1
current number : 46  -8.98, -8.98
0.01, -3.7, -5, 1, -1
current number : 47  -3.7, -3.69
0.01, -2.86, -5, 1, 1
current number : 48  -2.86, -2.85
0, -5.72, -5, -1, 1
current number : 49  -5.72, -5.72
0.01, -3.62, -5, 1, -1
current number : 50  -3.62, -3.61
0, -5.63, -5, -1, 1
current number : 51  -5.63, -5.63
0, -7.99, -5, -1, -1
current number : 52  -7.99, -7.99
0, -6.63, -5, -1, -1
current number : 53  -6.63, -6.63
0, -8.8, -5, -1, -1
current number : 54  -8.8, -8.8
0, -7.37, -5, -1, -1
current number : 55  -7.37, -7.37
0, -8.16, -5, -1, -1
current number : 56  -8.16, -8.16
0, -8.66, -5, -1, -1
current number : 57  -8.66, -8.66
0.01, -3.99, -5, 1, -1
current number : 58  -3.99, -3.98
0.01, -2.61, -5, 1, 1
current number : 59  -2.61, -2.6
0.01, -0.66, -5, 1, 1
current number : 60  -0.66, -0.65
0.01, -1.64, -5, 1, 1
current number : 61  -1.64, -1.63
0.01, -3.69, -5, 1, 1
current number : 62  -3.69, -3.68
0.01, -4.65, -5, 1, 1
current number : 63  -4.65, -4.64
0, -6.3, -5, -1, 1
current number : 64  -6.3, -6.3
0, -6.4, -5, -1, -1
current number : 65  -6.4, -6.4
0.01, -2.9, -5, 1, -1
current number : 66  -2.9, -2.89
0.01, -2.88, -5, 1, 1
current number : 67  -2.88, -2.87
0, -8.71, -5, -1, 1
current number : 68  -8.71, -8.71
0.01, -2.28, -5, 1, -1
current number : 69  -2.28, -2.27
0, -5.79, -5, -1, 1
current number : 70  -5.79, -5.79
0, -6.18, -5, -1, -1
current number : 71  -6.18, -6.18
0.01, -3.36, -5, 1, -1
current number : 72  -3.36, -3.35
0, -8.8, -5, -1, 1
current number : 73  -8.8, -8.8
0, -6.4, -5, -1, -1
current number : 74  -6.4, -6.4
0.01, -3.83, -5, 1, -1
current number : 75  -3.83, -3.82
0.01, -4.19, -5, 1, 1
current number : 76  -4.19, -4.18
0.01, -0.58, -5, 1, 1
current number : 77  -0.58, -0.57
0, -8.78, -5, -1, 1
current number : 78  -8.78, -8.78
0.01, -2.62, -5, 1, -1
current number : 79  -2.62, -2.61
0, -6.57, -5, -1, 1
current number : 80  -6.57, -6.57
0, -5.8, -5, -1, -1
current number : 81  -5.8, -5.8
0.01, -1.85, -5, 1, -1
current number : 82  -1.85, -1.84
0, -8.97, -5, -1, 1
current number : 83  -8.97, -8.97
0, -7.23, -5, -1, -1
current number : 84  -7.23, -7.23
0.01, -3.55, -5, 1, -1
current number : 85  -3.55, -3.54
0, -6, -5, -1, 1
current number : 86  -6, -6
0.01, -1.54, -5, 1, -1
current number : 87  -1.54, -1.53
0.01, -4.52, -5, 1, 1
current number : 88  -4.52, -4.51
0, -8.51, -5, -1, 1
current number : 89  -8.51, -8.51
0, -8.03, -5, -1, -1
current number : 90  -8.03, -8.03
0.01, -3.02, -5, 1, -1
current number : 91  -3.02, -3.01
0.01, -4.86, -5, 1, 1
current number : 92  -4.86, -4.85
0.01, -1.23, -5, 1, 1
current number : 93  -1.23, -1.22
0.01, -0.78, -5, 1, 1
current number : 94  -0.78, -0.77
0.01, -3.99, -5, 1, 1
current number : 95  -3.99, -3.98
0, -5.76, -5, -1, 1
current number : 96  -5.76, -5.76
0, -8.46, -5, -1, -1
current number : 97  -8.46, -8.46
0.01, -4.52, -5, 1, -1
current number : 98  -4.52, -4.51
0, -7.97, -5, -1, 1
current number : 99  -7.97, -7.97
0, -6.26, -5, -1, -1
current number : 100  -6.26, -6.26
0, -6.23, -5, -1, -1
current number : 101  -6.23, -6.23
0, -8, -5, -1, -1
current number : 102  -8, -8
0, -9.27, -5, -1, -1
current number : 103  -9.27, -9.27
0, -6.49, -5, -1, -1
current number : 104  -6.49, -6.49
0, -9.11, -5, -1, -1
current number : 105  -9.11, -9.11
0, -6.95, -5, -1, -1
current number : 106  -6.95, -6.95
0.01, -1.5, -5, 1, -1
current number : 107  -1.5, -1.49
0, -9.33, -5, -1, 1
current number : 108  -9.33, -9.33
0, -5.46, -5, -1, -1
current number : 109  -5.46, -5.46
0.01, -4.14, -5, 1, -1
current number : 110  -4.14, -4.13
0.01, -1.21, -5, 1, 1
current number : 111  -1.21, -1.2
0.01, -0.93, -5, 1, 1
current number : 112  -0.93, -0.92
0.01, -2.49, -5, 1, 1
current number : 113  -2.49, -2.48
0, -7.03, -5, -1, 1
current number : 114  -7.03, -7.03
0, -7.33, -5, -1, -1
current number : 115  -7.33, -7.33
0.01, -1.31, -5, 1, -1
current number : 116  -1.31, -1.3
0, -7.59, -5, -1, 1
current number : 117  -7.59, -7.59
0, -8.81, -5, -1, -1
current number : 118  -8.81, -8.81
0.01, -3.21, -5, 1, -1
current number : 119  -3.21, -3.2
0, -9.43, -5, -1, 1
current number : 120  -9.43, -9.43
0.01, -0.95, -5, 1, -1
current number : 121  -0.95, -0.94
0.01, -1.66, -5, 1, 1
current number : 122  -1.66, -1.65
0.01, -1.62, -5, 1, 1
current number : 123  -1.62, -1.61
0, -6.61, -5, -1, 1
current number : 124  -6.61, -6.61
0, -7.83, -5, -1, -1
current number : 125  -7.83, -7.83
0, -7.52, -5, -1, -1
current number : 126  -7.52, -7.52
0.01, -2.67, -5, 1, -1
current number : 127  -2.67, -2.66
0, -5.77, -5, -1, 1
current number : 128  -5.77, -5.77
0, -6.34, -5, -1, -1
current number : 129  -6.34, -6.34
0.01, -3.42, -5, 1, -1
current number : 130  -3.42, -3.41
0.01, -3.3, -5, 1, 1
current number : 131  -3.3, -3.29
0, -9.25, -5, -1, 1
current number : 132  -9.25, -9.25
0, -8.27, -5, -1, -1
current number : 133  -8.27, -8.27
0, -8.91, -5, -1, -1
current number : 134  -8.91, -8.91
0.01, -4.61, -5, 1, -1
current number : 135  -4.61, -4.6
0, -6.11, -5, -1, 1
current number : 136  -6.11, -6.11
0, -6.74, -5, -1, -1
current number : 137  -6.74, -6.74
0, -9.12, -5, -1, -1
current number : 138  -9.12, -9.12
0.01, -2.58, -5, 1, -1
current number : 139  -2.58, -2.57
0.01, -4.84, -5, 1, 1
current number : 140  -4.84, -4.83
0.01, -3.32, -5, 1, 1
current number : 141  -3.32, -3.31
0.01, -2.51, -5, 1, 1
current number : 142  -2.51, -2.5
0, -7.62, -5, -1, 1
current number : 143  -7.62, -7.62
0.01, -1.23, -5, 1, -1
current number : 144  -1.23, -1.22
0, -8.86, -5, -1, 1
current number : 145  -8.86, -8.86
0, -5.73, -5, -1, -1
current number : 146  -5.73, -5.73
0.01, -1.1, -5, 1, -1
current number : 147  -1.1, -1.09
0.01, -4.06, -5, 1, 1
current number : 148  -4.06, -4.05
0.01, -3.72, -5, 1, 1
current number : 149  -3.72, -3.71
0.01, -4.03, -5, 1, 1
current number : 150  -4.03, -4.02
0.01, -1.27, -5, 1, 1
current number : 151  -1.27, -1.26
0, -6.97, -5, -1, 1
current number : 152  -6.97, -6.97
0.01, -2.24, -5, 1, -1
current number : 153  -2.24, -2.23
0.01, -1.65, -5, 1, 1
current number : 154  -1.65, -1.64
0, -7.65, -5, -1, 1
current number : 155  -7.65, -7.65
0.01, -3.96, -5, 1, -1
current number : 156  -3.96, -3.95
0.01, -3.49, -5, 1, 1
current number : 157  -3.49, -3.48
0, -6.65, -5, -1, 1
current number : 158  -6.65, -6.65
0, -6.31, -5, -1, -1
current number : 159  -6.31, -6.31
0.01, -2.93, -5, 1, -1
current number : 160  -2.93, -2.92
0, -6.65, -5, -1, 1
current number : 161  -6.65, -6.65
0.01, -0.57, -5, 1, -1
current number : 162  -0.57, -0.56
0, -7.15, -5, -1, 1
current number : 163  -7.15, -7.15
0, -6.81, -5, -1, -1
current number : 164  -6.81, -6.81
0.01, -4.64, -5, 1, -1
current number : 165  -4.64, -4.63
0.01, -3.61, -5, 1, 1
current number : 166  -3.61, -3.6
0, -9.46, -5, -1, 1
current number : 167  -9.46, -9.46
0.01, -2.98, -5, 1, -1
current number : 168  -2.98, -2.97
0, -8.28, -5, -1, 1
current number : 169  -8.28, -8.28
0, -7.95, -5, -1, -1
current number : 170  -7.95, -7.95
0, -7.76, -5, -1, -1
current number : 171  -7.76, -7.76
0.01, -4.9, -5, 1, -1
current number : 172  -4.9, -4.89
0.01, -2.28, -5, 1, 1
current number : 173  -2.28, -2.27
0, -5.27, -5, -1, 1
current number : 174  -5.27, -5.27
0, -6.57, -5, -1, -1
current number : 175  -6.57, -6.57
0.01, -0.67, -5, 1, -1
current number : 176  -0.67, -0.66
0, -5.01, -5, -1, 1
current number : 177  -5.01, -5.01
0, -6.56, -5, -1, -1
current number : 178  -6.56, -6.56
0, -6.43, -5, -1, -1
current number : 179  -6.43, -6.43
0, -5.53, -5, -1, -1
current number : 180  -5.53, -5.53
0, -6.84, -5, -1, -1
current number : 181  -6.84, -6.84
0.01, -3.15, -5, 1, -1
current number : 182  -3.15, -3.14
0, -5.05, -5, -1, 1
current number : 183  -5.05, -5.05
0, -5.72, -5, -1, -1
current number : 184  -5.72, -5.72
0.01, -1.63, -5, 1, -1
current number : 185  -1.63, -1.62
0.01, -4.48, -5, 1, 1
current number : 186  -4.48, -4.47
0.01, -2.46, -5, 1, 1
current number : 187  -2.46, -2.45
0.01, -3.63, -5, 1, 1
current number : 188  -3.63, -3.62
0.01, -3.15, -5, 1, 1
current number : 189  -3.15, -3.14
0, -7.01, -5, -1, 1
current number : 190  -7.01, -7.01
0, -9.33, -5, -1, -1
current number : 191  -9.33, -9.33
0, -6.77, -5, -1, -1
current number : 192  -6.77, -6.77
0, -8.58, -5, -1, -1
current number : 193  -8.58, -8.58
0, -8.39, -5, -1, -1
current number : 194  -8.39, -8.39
0.01, -3.92, -5, 1, -1
current number : 195  -3.92, -3.91
0.01, -2.61, -5, 1, 1
current number : 196  -2.61, -2.6
0.01, -2.16, -5, 1, 1
current number : 197  -2.16, -2.15
0.01, -2.18, -5, 1, 1
current number : 198  -2.18, -2.17
0, -5.92, -5, -1, 1
current number : 199  -5.92, -5.92
0, -8.45, -5, -1, -1
current number : 200  -8.45, -8.45
0, -6.37, -5, -1, -1
current number : 201  -6.37, -6.37
0, -7.23, -5, -1, -1
current number : 202  -7.23, -7.23
0.01, -4.69, -5, 1, -1
current number : 203  -4.69, -4.68
0, -8.43, -5, -1, 1
current number : 204  -8.43, -8.43
0.01, -1.89, -5, 1, -1
current number : 205  -1.89, -1.88
0.01, -2.42, -5, 1, 1
current number : 206  -2.42, -2.41
0.01, -1.19, -5, 1, 1
current number : 207  -1.19, -1.18
0.01, -2.95, -5, 1, 1
current number : 208  -2.95, -2.94
0.01, -0.87, -5, 1, 1
current number : 209  -0.87, -0.86
0.01, -1.51, -5, 1, 1
current number : 210  -1.51, -1.5
0, -7.85, -5, -1, 1
current number : 211  -7.85, -7.85
0, -7.21, -5, -1, -1
current number : 212  -7.21, -7.21
0.01, -1.02, -5, 1, -1
current number : 213  -1.02, -1.01
0.01, -4.89, -5, 1, 1
current number : 214  -4.89, -4.88
0.01, -3, -5, 1, 1
current number : 215  -3, -2.99
0.01, -2.26, -5, 1, 1
current number : 216  -2.26, -2.25
0.01, -3.8, -5, 1, 1
current number : 217  -3.8, -3.79
0, -6.66, -5, -1, 1
current number : 218  -6.66, -6.66
0.01, -1.55, -5, 1, -1
current number : 219  -1.55, -1.54
0, -7.68, -5, -1, 1
current number : 220  -7.68, -7.68
0.01, -0.95, -5, 1, -1
current number : 221  -0.95, -0.94
0, -9.13, -5, -1, 1
current number : 222  -9.13, -9.13
0, -5.46, -5, -1, -1
current number : 223  -5.46, -5.46
0.01, -4.95, -5, 1, -1
current number : 224  -4.95, -4.94
0.01, -4.1, -5, 1, 1
current number : 225  -4.1, -4.09
0.01, -1.94, -5, 1, 1
current number : 226  -1.94, -1.93
0.01, -4.13, -5, 1, 1
current number : 227  -4.13, -4.12
0, -6.54, -5, -1, 1
current number : 228  -6.54, -6.54
0.01, -1.62, -5, 1, -1
current number : 229  -1.62, -1.61
0, -8.58, -5, -1, 1
current number : 230  -8.58, -8.58
0, -6.4, -5, -1, -1
current number : 231  -6.4, -6.4
0, -8.23, -5, -1, -1
current number : 232  -8.23, -8.23
0.01, -1.91, -5, 1, -1
current number : 233  -1.91, -1.9
0.01, -1.36, -5, 1, 1
current number : 234  -1.36, -1.35
0.01, -2.31, -5, 1, 1
current number : 235  -2.31, -2.3
0, -8.99, -5, -1, 1
current number : 236  -8.99, -8.99
0.01, -1.97, -5, 1, -1
current number : 237  -1.97, -1.96
0.01, -3.76, -5, 1, 1
current number : 238  -3.76, -3.75
0, -7.21, -5, -1, 1
current number : 239  -7.21, -7.21
0.01, -4.55, -5, 1, -1
current number : 240  -4.55, -4.54
0.01, -3.75, -5, 1, 1
current number : 241  -3.75, -3.74
0.01, -2.62, -5, 1, 1
current number : 242  -2.62, -2.61
0, -7.07, -5, -1, 1
current number : 243  -7.07, -7.07
0.01, -3.95, -5, 1, -1
current number : 244  -3.95, -3.94
0, -6.28, -5, -1, 1
current number : 245  -6.28, -6.28
0.01, -2.3, -5, 1, -1
current number : 246  -2.3, -2.29
0, -7.97, -5, -1, 1
current number : 247  -7.97, -7.97
0, -5.11, -5, -1, -1
current number : 248  -5.11, -5.11
0.01, -3.29, -5, 1, -1
current number : 249  -3.29, -3.28
0, -5.11, -5, -1, 1
current number : 250  -5.11, -5.11
0, -6.57, -5, -1, -1
current number : 251  -6.57, -6.57
0, -8.64, -5, -1, -1
current number : 252  -8.64, -8.64
0.01, -3.49, -5, 1, -1
current number : 253  -3.49, -3.48
0.01, -2.39, -5, 1, 1
current number : 254  -2.39, -2.38
0, -7.38, -5, -1, 1
current number : 255  -7.38, -7.38
0, -9.5, -5, -1, -1
current number : 256  -9.5, -9.5
0, -9.19, -5, -1, -1
current number : 257  -9.19, -9.19
0, -5.46, -5, -1, -1
current number : 258  -5.46, -5.46
0, -8.83, -5, -1, -1
current number : 259  -8.83, -8.83
0.01, -2.86, -5, 1, -1
current number : 260  -2.86, -2.85
0.01, -4.1, -5, 1, 1
current number : 261  -4.1, -4.09
0, -5.15, -5, -1, 1
current number : 262  -5.15, -5.15
0, -5.35, -5, -1, -1
current number : 263  -5.35, -5.35
0.01, -4.13, -5, 1, -1
current number : 264  -4.13, -4.12
0.01, -3.24, -5, 1, 1
current number : 265  -3.24, -3.23
0, -5.25, -5, -1, 1
current number : 266  -5.25, -5.25
0.01, -2.83, -5, 1, -1
current number : 267  -2.83, -2.82
0, -7.64, -5, -1, 1
current number : 268  -7.64, -7.64
0.01, -4.69, -5, 1, -1
current number : 269  -4.69, -4.68
0.01, -1.96, -5, 1, 1
current number : 270  -1.96, -1.95
0.01, -2.41, -5, 1, 1
current number : 271  -2.41, -2.4
0, -5.1, -5, -1, 1
current number : 272  -5.1, -5.1
0.01, -4.52, -5, 1, -1
current number : 273  -4.52, -4.51
0.01, -4.84, -5, 1, 1
current number : 274  -4.84, -4.83
0, -6.03, -5, -1, 1
current number : 275  -6.03, -6.03
0.01, -4.53, -5, 1, -1
current number : 276  -4.53, -4.52
0.01, -3.9, -5, 1, 1
current number : 277  -3.9, -3.89
0.01, -4.06, -5, 1, 1
current number : 278  -4.06, -4.05
0, -6.53, -5, -1, 1
current number : 279  -6.53, -6.53
0, -5.56, -5, -1, -1
current number : 280  -5.56, -5.56
0, -7.19, -5, -1, -1
current number : 281  -7.19, -7.19
0.01, -4.33, -5, 1, -1
current number : 282  -4.33, -4.32
0.01, -2.81, -5, 1, 1
current number : 283  -2.81, -2.8
0, -5.67, -5, -1, 1
current number : 284  -5.67, -5.67
0.01, -0.55, -5, 1, -1
current number : 285  -0.55, -0.54
0, -8.93, -5, -1, 1
current number : 286  -8.93, -8.93
0, -5.4, -5, -1, -1
current number : 287  -5.4, -5.4
0.01, -2.86, -5, 1, -1
current number : 288  -2.86, -2.85
0, -6.9, -5, -1, 1
current number : 289  -6.9, -6.9
0, -9.48, -5, -1, -1
current number : 290  -9.48, -9.48
0.01, -4.92, -5, 1, -1
current number : 291  -4.92, -4.91
0, -8.15, -5, -1, 1
current number : 292  -8.15, -8.15
0.01, -4.19, -5, 1, -1
current number : 293  -4.19, -4.18
0, -8.86, -5, -1, 1
current number : 294  -8.86, -8.86
0, -8.67, -5, -1, -1
current number : 295  -8.67, -8.67
0.01, -1.76, -5, 1, -1
current number : 296  -1.76, -1.75
0.01, -4.53, -5, 1, 1
current number : 297  -4.53, -4.52
0, -9.46, -5, -1, 1
current number : 298  -9.46, -9.46
0.01, -3.29, -5, 1, -1
current number : 299  -3.29, -3.28
0, -7.97, -5, -1, 1
current number : 300  -7.97, -7.97
0.01, -3.07, -5, 1, -1
current number : 301  -3.07, -3.06
0, -6.98, -5, -1, 1
current number : 302  -6.98, -6.98
0.01, -4.93, -5, 1, -1
current number : 303  -4.93, -4.92
0, -8.23, -5, -1, 1
current number : 304  -8.23, -8.23
0, -7.37, -5, -1, -1
current number : 305  -7.37, -7.37
0, -6.66, -5, -1, -1
current number : 306  -6.66, -6.66
0.01, -3.62, -5, 1, -1
current number : 307  -3.62, -3.61
0, -7.37, -5, -1, 1
current number : 308  -7.37, -7.37
0, -8.79, -5, -1, -1
current number : 309  -8.79, -8.79
0.01, -4.69, -5, 1, -1
current number : 310  -4.69, -4.68
0, -7.33, -5, -1, 1
current number : 311  -7.33, -7.33
0, -7.96, -5, -1, -1
current number : 312  -7.96, -7.96
0, -7.87, -5, -1, -1
current number : 313  -7.87, -7.87
0.01, -4.73, -5, 1, -1
current number : 314  -4.73, -4.72
0.01, -2.86, -5, 1, 1
current number : 315  -2.86, -2.85
0, -5.75, -5, -1, 1
current number : 316  -5.75, -5.75
0.01, -4.98, -5, 1, -1
current number : 317  -4.98, -4.97
0.01, -1.52, -5, 1, 1
current number : 318  -1.52, -1.51
0, -5.89, -5, -1, 1
current number : 319  -5.89, -5.89
0, -9.34, -5, -1, -1
current number : 320  -9.34, -9.34
0.01, -3.28, -5, 1, -1
current number : 321  -3.28, -3.27
0.01, -2.69, -5, 1, 1
current number : 322  -2.69, -2.68
0.01, -3.26, -5, 1, 1
current number : 323  -3.26, -3.25
0.01, -0.68, -5, 1, 1
current number : 324  -0.68, -0.67
0.01, -1.7, -5, 1, 1
current number : 325  -1.7, -1.69
0, -5.09, -5, -1, 1
current number : 326  -5.09, -5.09
0.01, -3.51, -5, 1, -1
current number : 327  -3.51, -3.5
0.01, -2.88, -5, 1, 1
current number : 328  -2.88, -2.87
0.01, -4.53, -5, 1, 1
current number : 329  -4.53, -4.52
0.01, -0.63, -5, 1, 1
current number : 330  -0.63, -0.62
0.01, -2.54, -5, 1, 1
current number : 331  -2.54, -2.53
0, -5.36, -5, -1, 1
current number : 332  -5.36, -5.36
0.01, -4.21, -5, 1, -1
current number : 333  -4.21, -4.2
0, -9.07, -5, -1, 1
current number : 334  -9.07, -9.07
0, -5.37, -5, -1, -1
current number : 335  -5.37, -5.37
0, -8.25, -5, -1, -1
current number : 336  -8.25, -8.25
0, -8.68, -5, -1, -1
current number : 337  -8.68, -8.68
0.01, -1.17, -5, 1, -1
current number : 338  -1.17, -1.16
0.01, -1.31, -5, 1, 1
current number : 339  -1.31, -1.3
0.01, -0.91, -5, 1, 1
current number : 340  -0.91, -0.9
0.01, -4.94, -5, 1, 1
current number : 341  -4.94, -4.93
0, -7.64, -5, -1, 1
current number : 342  -7.64, -7.64
0, -6.04, -5, -1, -1
current number : 343  -6.04, -6.04
0.01, -3.52, -5, 1, -1
current number : 344  -3.52, -3.51
0.01, -3.91, -5, 1, 1
current number : 345  -3.91, -3.9
0, -8.42, -5, -1, 1
current number : 346  -8.42, -8.42
0, -6.2, -5, -1, -1
current number : 347  -6.2, -6.2
0, -7.51, -5, -1, -1
current number : 348  -7.51, -7.51
0, -6.89, -5, -1, -1
current number : 349  -6.89, -6.89
0.01, -1.17, -5, 1, -1
current number : 350  -1.17, -1.16
0, -6.57, -5, -1, 1
current number : 351  -6.57, -6.57
0.01, -0.5, -5, 1, -1
current number : 352  -0.5, -0.49
0, -8.25, -5, -1, 1
current number : 353  -8.25, -8.25
0, -6.67, -5, -1, -1
current number : 354  -6.67, -6.67
0.01, -3.99, -5, 1, -1
current number : 355  -3.99, -3.98
0, -7.22, -5, -1, 1
current number : 356  -7.22, -7.22
0.01, -1.69, -5, 1, -1
current number : 357  -1.69, -1.68
0, -8.98, -5, -1, 1
current number : 358  -8.98, -8.98
0, -7.09, -5, -1, -1
current number : 359  -7.09, -7.09
0.01, -2.99, -5, 1, -1
current number : 360  -2.99, -2.98
0.01, -4.73, -5, 1, 1
current number : 361  -4.73, -4.72
0.01, -1.67, -5, 1, 1
current number : 362  -1.67, -1.66
0.01, -1.03, -5, 1, 1
current number : 363  -1.03, -1.02
0.01, -4.22, -5, 1, 1
current number : 364  -4.22, -4.21
0, -6.9, -5, -1, 1
current number : 365  -6.9, -6.9
0, -8.48, -5, -1, -1
current number : 366  -8.48, -8.48
0, -8.76, -5, -1, -1
current number : 367  -8.76, -8.76
0.01, -2.92, -5, 1, -1
current number : 368  -2.92, -2.91
0.01, -0.92, -5, 1, 1
current number : 369  -0.92, -0.91
0.01, -2.45, -5, 1, 1
current number : 370  -2.45, -2.44
0.01, -3.22, -5, 1, 1
current number : 371  -3.22, -3.21
0, -7.07, -5, -1, 1
current number : 372  -7.07, -7.07
0.01, -3.74, -5, 1, -1
current number : 373  -3.74, -3.73
0, -6.66, -5, -1, 1
current number : 374  -6.66, -6.66
0.01, -2.21, -5, 1, -1
current number : 375  -2.21, -2.2
0, -8.93, -5, -1, 1
current number : 376  -8.93, -8.93
0.01, -1.08, -5, 1, -1
current number : 377  -1.08, -1.07
0.01, -0.75, -5, 1, 1
current number : 378  -0.75, -0.74
0.01, -2.34, -5, 1, 1
current number : 379  -2.34, -2.33
0, -8.2, -5, -1, 1
current number : 380  -8.2, -8.2
0, -6.54, -5, -1, -1
current number : 381  -6.54, -6.54
0.01, -0.94, -5, 1, -1
current number : 382  -0.94, -0.93
0, -5.78, -5, -1, 1
current number : 383  -5.78, -5.78
0.01, -1.52, -5, 1, -1
current number : 384  -1.52, -1.51
0.01, -0.87, -5, 1, 1
current number : 385  -0.87, -0.86
0.01, -4.04, -5, 1, 1
current number : 386  -4.04, -4.03
0.01, -1.57, -5, 1, 1
current number : 387  -1.57, -1.56
0.01, -3.96, -5, 1, 1
current number : 388  -3.96, -3.95
0, -9.08, -5, -1, 1
current number : 389  -9.08, -9.08
0, -8.29, -5, -1, -1
current number : 390  -8.29, -8.29
0.01, -0.78, -5, 1, -1
current number : 391  -0.78, -0.77
0.01, -3.66, -5, 1, 1
current number : 392  -3.66, -3.65
0.01, -4.12, -5, 1, 1
current number : 393  -4.12, -4.11
0.01, -1.78, -5, 1, 1
current number : 394  -1.78, -1.77
0, -8.8, -5, -1, 1
current number : 395  -8.8, -8.8
0.01, -1.73, -5, 1, -1
current number : 396  -1.73, -1.72
0, -7.75, -5, -1, 1
current number : 397  -7.75, -7.75
0.01, -2.38, -5, 1, -1
current number : 398  -2.38, -2.37
0, -5.69, -5, -1, 1
current number : 399  -5.69, -5.69
0, -5.23, -5, -1, -1
current number : 400  -5.23, -5.23
0, -8.36, -5, -1, -1
current number : 401  -8.36, -8.36
0, -8.06, -5, -1, -1
current number : 402  -8.06, -8.06
0.01, -3.2, -5, 1, -1
current number : 403  -3.2, -3.19
0, -9.5, -5, -1, 1
current number : 404  -9.5, -9.5
0.01, -3.99, -5, 1, -1
current number : 405  -3.99, -3.98
0.01, -3.08, -5, 1, 1
current number : 406  -3.08, -3.07
0.01, -3.92, -5, 1, 1
current number : 407  -3.92, -3.91
0.01, -4.34, -5, 1, 1
current number : 408  -4.34, -4.33
0.01, -2.3, -5, 1, 1
current number : 409  -2.3, -2.29
0.01, -1.18, -5, 1, 1
current number : 410  -1.18, -1.17
0, -9, -5, -1, 1
current number : 411  -9, -9
0, -7.13, -5, -1, -1
current number : 412  -7.13, -7.13
0.01, -4.09, -5, 1, -1
current number : 413  -4.09, -4.08
0.01, -3.22, -5, 1, 1
current number : 414  -3.22, -3.21
0, -7.5, -5, -1, 1
current number : 415  -7.5, -7.5
0, -7.51, -5, -1, -1
current number : 416  -7.51, -7.51
0, -5.84, -5, -1, -1
current number : 417  -5.84, -5.84
0.01, -1.64, -5, 1, -1
current number : 418  -1.64, -1.63
0, -8.77, -5, -1, 1
current number : 419  -8.77, -8.77
0.01, -3.62, -5, 1, -1
current number : 420  -3.62, -3.61
0.01, -4.07, -5, 1, 1
current number : 421  -4.07, -4.06
0, -9.23, -5, -1, 1
current number : 422  -9.23, -9.23
0.01, -2.44, -5, 1, -1
current number : 423  -2.44, -2.43
0, -9.34, -5, -1, 1
current number : 424  -9.34, -9.34
0, -6.83, -5, -1, -1
current number : 425  -6.83, -6.83
0, -8.22, -5, -1, -1
current number : 426  -8.22, -8.22
0.01, -4.74, -5, 1, -1
current number : 427  -4.74, -4.73
0, -8.87, -5, -1, 1
current number : 428  -8.87, -8.87
0, -6.42, -5, -1, -1
current number : 429  -6.42, -6.42
0.01, -4.31, -5, 1, -1
current number : 430  -4.31, -4.3
0.01, -4.9, -5, 1, 1
current number : 431  -4.9, -4.89
0.01, -3.39, -5, 1, 1
current number : 432  -3.39, -3.38
0, -6.82, -5, -1, 1
current number : 433  -6.82, -6.82
0, -8.18, -5, -1, -1
current number : 434  -8.18, -8.18
0, -8.56, -5, -1, -1
current number : 435  -8.56, -8.56
0, -8.64, -5, -1, -1
current number : 436  -8.64, -8.64
0, -7.41, -5, -1, -1
current number : 437  -7.41, -7.41
0, -8.11, -5, -1, -1
current number : 438  -8.11, -8.11
0, -6.78, -5, -1, -1
current number : 439  -6.78, -6.78
0, -6.43, -5, -1, -1
current number : 440  -6.43, -6.43
0, -8.38, -5, -1, -1
current number : 441  -8.38, -8.38
0.01, -1.6, -5, 1, -1
current number : 442  -1.6, -1.59
0.01, -2.62, -5, 1, 1
current number : 443  -2.62, -2.61
0, -9.34, -5, -1, 1
current number : 444  -9.34, -9.34
0.01, -2.07, -5, 1, -1
current number : 445  -2.07, -2.06
0, -5.27, -5, -1, 1
current number : 446  -5.27, -5.27
0, -6.17, -5, -1, -1
current number : 447  -6.17, -6.17
0.01, -1.21, -5, 1, -1
current number : 448  -1.21, -1.2
0.01, -2.33, -5, 1, 1
current number : 449  -2.33, -2.32
0, -8.5, -5, -1, 1
current number : 450  -8.5, -8.5
0, -5.03, -5, -1, -1
current number : 451  -5.03, -5.03
0, -6.17, -5, -1, -1
current number : 452  -6.17, -6.17
0, -5.84, -5, -1, -1
current number : 453  -5.84, -5.84
0, -7.88, -5, -1, -1
current number : 454  -7.88, -7.88
0, -5.17, -5, -1, -1
current number : 455  -5.17, -5.17
0, -8.32, -5, -1, -1
current number : 456  -8.32, -8.32
0, -5.76, -5, -1, -1
current number : 457  -5.76, -5.76
0, -6.06, -5, -1, -1
current number : 458  -6.06, -6.06
0.01, -2.49, -5, 1, -1
current number : 459  -2.49, -2.48
0.01, -3.82, -5, 1, 1
current number : 460  -3.82, -3.81
0.01, -3.25, -5, 1, 1
current number : 461  -3.25, -3.24
0, -9.09, -5, -1, 1
current number : 462  -9.09, -9.09
0, -8.39, -5, -1, -1
current number : 463  -8.39, -8.39
0.01, -3.17, -5, 1, -1
current number : 464  -3.17, -3.16
0.01, -1.65, -5, 1, 1
current number : 465  -1.65, -1.64
0.01, -3.07, -5, 1, 1
current number : 466  -3.07, -3.06
0, -7.96, -5, -1, 1
current number : 467  -7.96, -7.96
0.01, -3.17, -5, 1, -1
current number : 468  -3.17, -3.16
0, -6.32, -5, -1, 1
current number : 469  -6.32, -6.32
0.01, -3.32, -5, 1, -1
current number : 470  -3.32, -3.31
0.01, -2.81, -5, 1, 1
current number : 471  -2.81, -2.8
0.01, -4, -5, 1, 1
current number : 472  -4, -3.99
0.01, -3.03, -5, 1, 1
current number : 473  -3.03, -3.02
0.01, -4.08, -5, 1, 1
current number : 474  -4.08, -4.07
0, -5.49, -5, -1, 1
current number : 475  -5.49, -5.49
0, -8.05, -5, -1, -1
current number : 476  -8.05, -8.05
0, -8.47, -5, -1, -1
current number : 477  -8.47, -8.47
0.01, -2.82, -5, 1, -1
current number : 478  -2.82, -2.81
0, -7.65, -5, -1, 1
current number : 479  -7.65, -7.65
0.01, -2.24, -5, 1, -1
current number : 480  -2.24, -2.23
0.01, -3.31, -5, 1, 1
current number : 481  -3.31, -3.3
0.01, -2.36, -5, 1, 1
current number : 482  -2.36, -2.35
0, -9.24, -5, -1, 1
current number : 483  -9.24, -9.24
0.01, -3.35, -5, 1, -1
current number : 484  -3.35, -3.34
0.01, -4.72, -5, 1, 1
current number : 485  -4.72, -4.71
0, -7.31, -5, -1, 1
current number : 486  -7.31, -7.31
0, -6.93, -5, -1, -1
current number : 487  -6.93, -6.93
0, -5.85, -5, -1, -1
current number : 488  -5.85, -5.85
0, -7.77, -5, -1, -1
current number : 489  -7.77, -7.77
0.01, -3.62, -5, 1, -1
current number : 490  -3.62, -3.61
0, -6.74, -5, -1, 1
current number : 491  -6.74, -6.74
0.01, -1.23, -5, 1, -1
current number : 492  -1.23, -1.22
0.01, -4.64, -5, 1, 1
current number : 493  -4.64, -4.63
0.01, -3.49, -5, 1, 1
current number : 494  -3.49, -3.48
0.01, -1.48, -5, 1, 1
current number : 495  -1.48, -1.47
0, -5.7, -5, -1, 1
current number : 496  -5.7, -5.7
0.01, -2.73, -5, 1, -1
current number : 497  -2.73, -2.72
0, -8.5, -5, -1, 1
current number : 498  -8.5, -8.5
0, -6.34, -5, -1, -1
current number : 499  -6.34, -6.34
0.01, -2.67, -5, 1, -1
current number : 500  -2.67, -2.66
0, -9.11, -5, -1, 1
current number : 501  -9.11, -9.11
0.01, -1.56, -5, 1, -1
current number : 502  -1.56, -1.55
0.01, -2.34, -5, 1, 1
current number : 503  -2.34, -2.33
0.01, -3.35, -5, 1, 1
current number : 504  -3.35, -3.34
0.01, -1.13, -5, 1, 1
current number : 505  -1.13, -1.12
0, -6.64, -5, -1, 1
current number : 506  -6.64, -6.64
0.01, -0.68, -5, 1, -1
current number : 507  -0.68, -0.67
0.01, -5, -5, 0, 1
current number : 508  -5, -4.99
0.01, -3.34, -5, 1, 1
current number : 509  -3.34, -3.33
0.01, -4.19, -5, 1, 1
current number : 510  -4.19, -4.18
0.01, -3.65, -5, 1, 1
current number : 511  -3.65, -3.64
0.01, -1.07, -5, 1, 1
current number : 512  -1.07, -1.06
0.01, -3.86, -5, 1, 1
current number : 513  -3.86, -3.85
0, -6.86, -5, -1, 1
current number : 514  -6.86, -6.86
0, -6.56, -5, -1, -1
current number : 515  -6.56, -6.56
0, -8.09, -5, -1, -1
current number : 516  -8.09, -8.09
0.01, -1.44, -5, 1, -1
current number : 517  -1.44, -1.43
0.01, -4.51, -5, 1, 1
current number : 518  -4.51, -4.5
0, -6.98, -5, -1, 1
current number : 519  -6.98, -6.98
0, -8.24, -5, -1, -1
current number : 520  -8.24, -8.24
0.01, -1.32, -5, 1, -1
current number : 521  -1.32, -1.31
0.01, -4.38, -5, 1, 1
current number : 522  -4.38, -4.37
0, -5.93, -5, -1, 1
current number : 523  -5.93, -5.93
0.01, -2.77, -5, 1, -1
current number : 524  -2.77, -2.76
0, -6.35, -5, -1, 1
current number : 525  -6.35, -6.35
0.01, -2.46, -5, 1, -1
current number : 526  -2.46, -2.45
0.01, -0.81, -5, 1, 1
current number : 527  -0.81, -0.8
0.01, -1.97, -5, 1, 1
current number : 528  -1.97, -1.96
0.01, -3.47, -5, 1, 1
current number : 529  -3.47, -3.46
0, -6.06, -5, -1, 1
current number : 530  -6.06, -6.06
0, -6.28, -5, -1, -1
current number : 531  -6.28, -6.28
0.01, -3.9, -5, 1, -1
current number : 532  -3.9, -3.89
0.01, -2.21, -5, 1, 1
current number : 533  -2.21, -2.2
0.01, -2.55, -5, 1, 1
current number : 534  -2.55, -2.54
0, -9.36, -5, -1, 1
current number : 535  -9.36, -9.36
0.01, -0.72, -5, 1, -1
current number : 536  -0.72, -0.71
0, -8.12, -5, -1, 1
current number : 537  -8.12, -8.12
0.01, -2.57, -5, 1, -1
current number : 538  -2.57, -2.56
0.01, -4.33, -5, 1, 1
current number : 539  -4.33, -4.32
0.01, -3.73, -5, 1, 1
current number : 540  -3.73, -3.72
0, -6.81, -5, -1, 1
current number : 541  -6.81, -6.81
0.01, -2.13, -5, 1, -1
current number : 542  -2.13, -2.12
0, -9.23, -5, -1, 1
current number : 543  -9.23, -9.23
0.01, -4.37, -5, 1, -1
current number : 544  -4.37, -4.36
0.01, -2.34, -5, 1, 1
current number : 545  -2.34, -2.33
0.01, -2.08, -5, 1, 1
current number : 546  -2.08, -2.07
0, -6.37, -5, -1, 1
current number : 547  -6.37, -6.37
0, -6.8, -5, -1, -1
current number : 548  -6.8, -6.8
0.01, -0.73, -5, 1, -1
current number : 549  -0.73, -0.72
0.01, -2.29, -5, 1, 1
current number : 550  -2.29, -2.28
0, -5.52, -5, -1, 1
current number : 551  -5.52, -5.52
0, -6.19, -5, -1, -1
current number : 552  -6.19, -6.19
0, -6.54, -5, -1, -1
current number : 553  -6.54, -6.54
0.01, -2.82, -5, 1, -1
current number : 554  -2.82, -2.81
0.01, -1.98, -5, 1, 1
current number : 555  -1.98, -1.97
0.01, -2.16, -5, 1, 1
current number : 556  -2.16, -2.15
0, -5.14, -5, -1, 1
current number : 557  -5.14, -5.14
0.01, -4.81, -5, 1, -1
current number : 558  -4.81, -4.8
0, -5.2, -5, -1, 1
current number : 559  -5.2, -5.2
0.01, -1.6, -5, 1, -1
current number : 560  -1.6, -1.59
0, -7.58, -5, -1, 1
current number : 561  -7.58, -7.58
0.01, -3.35, -5, 1, -1
current number : 562  -3.35, -3.34
0.01, -3.74, -5, 1, 1
current number : 563  -3.74, -3.73
0, -6.27, -5, -1, 1
current number : 564  -6.27, -6.27
0, -9.22, -5, -1, -1
current number : 565  -9.22, -9.22
0.01, -3.02, -5, 1, -1
current number : 566  -3.02, -3.01
0, -6.97, -5, -1, 1
current number : 567  -6.97, -6.97
0.01, -4.24, -5, 1, -1
current number : 568  -4.24, -4.23
0, -5.62, -5, -1, 1
current number : 569  -5.62, -5.62
0.01, -2.08, -5, 1, -1
current number : 570  -2.08, -2.07
0, -6.05, -5, -1, 1
current number : 571  -6.05, -6.05
0, -7.74, -5, -1, -1
current number : 572  -7.74, -7.74
0.01, -3.26, -5, 1, -1
current number : 573  -3.26, -3.25
0.01, -1.07, -5, 1, 1
current number : 574  -1.07, -1.06
0.01, -0.63, -5, 1, 1
current number : 575  -0.63, -0.62
0, -8, -5, -1, 1
current number : 576  -8, -8
0, -9.39, -5, -1, -1
current number : 577  -9.39, -9.39
0.01, -0.87, -5, 1, -1
current number : 578  -0.87, -0.86
0, -7.11, -5, -1, 1
current number : 579  -7.11, -7.11
0.01, -3.81, -5, 1, -1
current number : 580  -3.81, -3.8
0.01, -3.48, -5, 1, 1
current number : 581  -3.48, -3.47
0.01, -2.65, -5, 1, 1
current number : 582  -2.65, -2.64
0.01, -1.54, -5, 1, 1
current number : 583  -1.54, -1.53
0.01, -1.07, -5, 1, 1
current number : 584  -1.07, -1.06
0, -6.03, -5, -1, 1
current number : 585  -6.03, -6.03
0, -6.75, -5, -1, -1
current number : 586  -6.75, -6.75
0, -7.66, -5, -1, -1
current number : 587  -7.66, -7.66
0.01, -2.47, -5, 1, -1
current number : 588  -2.47, -2.46
0.01, -1.98, -5, 1, 1
current number : 589  -1.98, -1.97
0.01, -2.08, -5, 1, 1
current number : 590  -2.08, -2.07
0, -5.16, -5, -1, 1
current number : 591  -5.16, -5.16
0, -6.47, -5, -1, -1
current number : 592  -6.47, -6.47
0, -7.35, -5, -1, -1
current number : 593  -7.35, -7.35
0, -7.34, -5, -1, -1
current number : 594  -7.34, -7.34
0.01, -4.4, -5, 1, -1
current number : 595  -4.4, -4.39
0, -7.81, -5, -1, 1
current number : 596  -7.81, -7.81
0, -6.76, -5, -1, -1
current number : 597  -6.76, -6.76
0.01, -2.09, -5, 1, -1
current number : 598  -2.09, -2.08
0.01, -2.44, -5, 1, 1
current number : 599  -2.44, -2.43