-5.01001 -3.47
-4.98 -3.38
-5.01103 -3.36
-4.981 -3.34
-5.021 -3.25999
-4.99098 -3.23
-5.09203 -3.21001
-4.992 -3.19
-5.02197 -3.17
-4.99302 -3.22
-5.02299 -3.25999
-4.99297 -3.17999
-5.03303 -3.03
-5.00401 -3.07001
-4.96397 -3.12
-5.00402 -3.09
-4.965 -3.21001
-4.99497 -3.19
-4.96501 -3.17
-5.006 -3.14999
-4.96597 -3.19
-5.06602 -3.17999
-4.966 -3.21001
-5.00698 -3.2
-4.96701 -3.24001
-5.007 -3.23
-4.96797 -3.2
-5.00802 -3.17999
-4.978 -3.16
-5.00798 -3.14
-4.97902 -3.19
-5.009 -3.23
-4.96903 -3.28
-5.01002 -3.25999
-4.98 -3.25
-5.07998 -3.22
-4.98002 -3.25999
-5.01099 -3.17999
-4.98098 -3.16
-5.02102 -3.14
-4.98199 -3.17999
-4.95197 -3.23
-4.98201 -3.21001
-5.023 -3.19
-4.99298 -3.11
-5.02302 -3.08
-4.993 -3.13
-5.02398 -3.11
-4.99402 -3.09
-5.024 -3.07001
-4.99498 -3.11
-5.02502 -3.16
-4.995 -3.2
-5.02498 -3.19
-4.98601 -3.23
-5.096 -3.22
-4.98603 -3.25999
-5.09702 -3.17
-4.997 -3.14999
-4.96698 -3.19
-4.99702 -3.25
-4.968 -3.22
-4.99798 -3.21001
-5.02802 -3.25
-4.999 -3.23
-4.96898 -3.21001
-4.99902 -3.25
-4.96999 -3.17
-4.99997 -3.14999
-4.97002 -3.2
-4.99999 -3.17
-4.97097 -3.21001
-5.00101 -3.27
-4.97099 -3.24001
-5.01198 -3.16
-4.98203 -3.07001
-5.012 -3.12
-4.98198 -3.10001
-5.01302 -3.14
-4.983 -3.12
-5.01298 -3.10001
-4.98402 -3.09
-5.014 -3.06
-4.98398 -3.11
-5.01402 -3.09
-4.985 -3.07001
-5.02499 -3.05
-4.98502 -3.09
-5.016 -3.08
-4.98598 -3.05
-5.02602 -3.03999
-4.98699 -3.08
-5.02699 -3.07001
-4.99702 -3.03999
-5.027 -3.02
-4.99799 -3
-4.96802 -2.98
-4.998 -3.03
-5.02898 -3.07001
-4.99902 -3.05
-5.02901 -3.10001
-4.98897 -3.2
-5.02 -3.39
-2.21002 -3.39999
