-225 -230.14
-222.369 -228.696
-219.737 -227.253
-217.106 -225.809
-214.475 -224.365
-211.843 -222.922
-209.212 -221.478
-206.553 -220.088
-203.861 -218.761
-201.17 -217.433
-198.478 -216.106
-195.786 -214.778
-193.094 -213.451
-190.403 -212.123
-187.66 -210.905
-184.913 -209.696
-182.166 -208.487
-179.419 -207.278
-176.672 -206.07
-173.924 -204.861
-171.159 -203.698
-168.361 -202.61
-165.564 -201.522
-162.767 -200.434
-159.97 -199.346
-157.172 -198.259
-154.375 -197.171
-151.541 -196.186
-148.699 -195.221
-145.857 -194.256
-143.015 -193.291
-140.173 -192.327
-137.331 -191.362
-134.477 -190.434
-131.596 -189.594
-128.714 -188.754
-125.833 -187.914
-122.952 -187.074
-120.07 -186.234
-117.189 -185.395
-114.282 -184.65
-111.367 -183.936
-108.452 -183.223
-105.536 -182.51
-102.621 -181.796
-99.706 -181.083
-96.785 -180.396
-93.841 -179.811
-90.897 -179.225
-87.954 -178.64
-85.01 -178.054
-82.066 -177.468
-79.123 -176.883
-76.164 -176.383
-73.198 -175.927
-70.231 -175.47
-67.265 -175.014
-64.299 -174.557
-61.332 -174.101
-58.364 -173.66
-55.38 -173.333
-52.397 -173.007
-49.414 -172.68
-46.43 -172.353
-43.447 -172.027
-40.463 -171.7
-37.473 -171.449
-34.478 -171.253
-31.483 -171.057
-28.489 -170.86
-25.494 -170.664
-22.499 -170.468
-19.504 -170.277
-16.503 -170.211
-13.503 -170.146
-10.502 -170.08
-7.501 -170.015
-4.501 -169.949
-1.5 -169.884
1.5 -169.884
4.501 -169.949
7.501 -170.015
10.502 -170.08
13.503 -170.146
16.503 -170.211
19.504 -170.277
22.499 -170.468
25.494 -170.664
28.489 -170.86
31.483 -171.057
34.478 -171.253
37.473 -171.449
40.463 -171.7
43.447 -172.027
46.43 -172.353
49.414 -172.68
52.397 -173.007
55.38 -173.333
58.364 -173.66
61.332 -174.101
64.299 -174.557
67.265 -175.014
70.231 -175.47
73.198 -175.927
76.164 -176.383
79.123 -176.883
82.066 -177.468
85.01 -178.054
87.954 -178.64
90.897 -179.225
93.841 -179.811
96.785 -180.396
99.706 -181.083
102.621 -181.796
105.536 -182.51
108.452 -183.223
111.367 -183.936
114.282 -184.65
117.189 -185.395
120.07 -186.234
122.952 -187.074
125.833 -187.914
128.714 -188.754
131.596 -189.594
134.477 -190.434
137.331 -191.362
140.173 -192.327
143.015 -193.291
145.857 -194.256
148.699 -195.221
151.541 -196.186
154.375 -197.171
157.172 -198.259
159.97 -199.346
162.767 -200.434
165.564 -201.522
168.361 -202.61
171.159 -203.698
173.924 -204.861
176.672 -206.07
179.419 -207.278
182.166 -208.487
184.913 -209.696
187.66 -210.905
190.403 -212.123
193.094 -213.451
195.786 -214.778
198.478 -216.106
201.17 -217.433
203.861 -218.761
206.553 -220.088
209.212 -221.478
211.843 -222.922
214.475 -224.365
217.106 -225.809
219.737 -227.253
222.369 -228.696
225 -230.14