-155 -250.0
-151.99 -250.0
-148.981 -250.0
-145.971 -250.0
-142.961 -250.0
-139.951 -250.0
-136.942 -250.0
-133.932 -250.0
-130.922 -250.0
-127.913 -250.0
-124.903 -250.0
-121.893 -250.0
-118.883 -250.0
-115.874 -250.0
-112.864 -250.0
-109.854 -250.0
-106.845 -250.0
-103.835 -250.0
-100.825 -250.0
-97.816 -250.0
-94.806 -250.0
-91.796 -250.0
-88.786 -250.0
-85.777 -250.0
-82.767 -250.0
-79.757 -250.0
-76.748 -250.0
-73.738 -250.0
-70.728 -250.0
-67.718 -250.0
-64.709 -250.0
-61.699 -250.0
-58.689 -250.0
-55.68 -250.0
-52.67 -250.0
-49.66 -250.0
-46.65 -250.0
-43.641 -250.0
-40.631 -250.0
-37.621 -250.0
-34.612 -250.0
-31.602 -250.0
-28.592 -250.0
-25.583 -250.0
-22.573 -250.0
-19.563 -250.0
-16.553 -250.0
-13.544 -250.0
-10.534 -250.0
-7.524 -250.0
-4.515 -250.0
-1.505 -250.0
1.505 -250.0
4.515 -250.0
7.524 -250.0
10.534 -250.0
13.544 -250.0
16.553 -250.0
19.563 -250.0
22.573 -250.0
25.583 -250.0
28.592 -250.0
31.602 -250.0
34.612 -250.0
37.621 -250.0
40.631 -250.0
43.641 -250.0
46.65 -250.0
49.66 -250.0
52.67 -250.0
55.68 -250.0
58.689 -250.0
61.699 -250.0
64.709 -250.0
67.718 -250.0
70.728 -250.0
73.738 -250.0
76.748 -250.0
79.757 -250.0
82.767 -250.0
85.777 -250.0
88.786 -250.0
91.796 -250.0
94.806 -250.0
97.816 -250.0
100.825 -250.0
103.835 -250.0
106.845 -250.0
109.854 -250.0
112.864 -250.0
115.874 -250.0
118.883 -250.0
121.893 -250.0
124.903 -250.0
127.913 -250.0
130.922 -250.0
133.932 -250.0
136.942 -250.0
139.951 -250.0
142.961 -250.0
145.971 -250.0
148.981 -250.0
151.99 -250.0
155 -250.0